{
  "cells": [
    {
      "cell_type": "markdown",
      "metadata": {},
      "source": [
        "# example code for training and evaluating hmm models\n"
      ]
    },
    {
      "cell_type": "markdown",
      "metadata": {},
      "source": [
        "## define imports and constants\n"
      ]
    },
    {
      "cell_type": "code",
      "execution_count": 1,
      "metadata": {},
      "outputs": [],
      "source": [
        "import sys\n",
        "from pathlib import Path\n",
        "\n",
        "# get project root for file paths and add project root to python path so imports work from notebooks folder\n",
        "PROJECT_ROOT = Path(\"..\").resolve()\n",
        "if str(PROJECT_ROOT) not in sys.path:\n",
        "    sys.path.insert(0, str(PROJECT_ROOT))\n",
        "\n",
        "from hmm.preprocess import build_sequences_from_csv\n",
        "from hmm.hmm_model import (\n",
        "    train_supervised_hmm,\n",
        "    train_unsupervised_hmm,\n",
        "    sequence_accuracy,\n",
        "    map_hidden_states_to_outcomes,\n",
        "    convert_hidden_to_observed,\n",
        "    infer_num_symbols,\n",
        ")\n",
        "from hmm.hmm_viterbi import viterbi_on_sequences\n",
        "\n",
        "import numpy as np\n",
        "import matplotlib.pyplot as plt\n",
        "\n",
        "# constants\n",
        "DATA_PATH = str(PROJECT_ROOT / \"data\" / \"allseasons.csv\")  # path where game data is stored\n",
        "HOLDOUT_SEASONS = (2018, 2024)  # test set seasons\n",
        "NUM_STATES_SUPERVISED = 2  # 0 = loss, 1 = win (if 2 states, else state to win/loss mapping is done later)\n",
        "NUM_STATES_UNSUPERVISED = 88\n",
        "NUM_BINS_SUPERVISED = 8\n",
        "NUM_BINS_UNSUPERVISED = 3\n",
        "DEAN = False\n",
        "\n",
        "# notebook plotting defaults\n",
        "plt.style.use(\"seaborn-v0_8\")\n",
        "%matplotlib inline\n"
      ]
    },
    {
      "cell_type": "markdown",
      "metadata": {},
      "source": [
        "## load and inspect sequences\n"
      ]
    },
    {
      "cell_type": "code",
      "execution_count": 2,
      "metadata": {},
      "outputs": [
        {
          "name": "stdout",
          "output_type": "stream",
          "text": [
            "num train sequences: 686\n",
            "num test sequences: 60\n",
            "\n",
            "train sequence length stats (min / max / mean): 63 84 80.08746355685132\n",
            "test sequence length stats (min / max / mean): 81 83 81.9\n"
          ]
        }
      ],
      "source": [
        "# build sequences using specified holdout seasons for supervised training\n",
        "(\n",
        "    train_states_supervised,\n",
        "    train_obs_supervised,\n",
        "    test_states_supervised,\n",
        "    test_obs_supervised,\n",
        "    train_seasons_supervised,\n",
        "    test_seasons_supervised,\n",
        ") = build_sequences_from_csv(\n",
        "    DATA_PATH,\n",
        "    holdout_seasons=HOLDOUT_SEASONS,\n",
        "    num_bins=NUM_BINS_SUPERVISED,\n",
        "    dean=DEAN,\n",
        ")\n",
        "\n",
        "# build sequences using specified holdout seasons for unsupervised training\n",
        "(\n",
        "    train_states_unsupervised,\n",
        "    train_obs_unsupervised,\n",
        "    test_states_unsupervised,\n",
        "    test_obs_unsupervised,\n",
        "    train_seasons_unsupervised,\n",
        "    test_seasons_unsupervised,\n",
        ") = build_sequences_from_csv(\n",
        "    DATA_PATH,\n",
        "    holdout_seasons=HOLDOUT_SEASONS,\n",
        "    num_bins=NUM_BINS_UNSUPERVISED,\n",
        "    dean=DEAN,\n",
        ")\n",
        "\n",
        "print(f\"num train sequences: {len(train_states_supervised)}\")\n",
        "print(f\"num test sequences: {len(test_states_supervised)}\")\n",
        "\n",
        "# compute basic length statistics for sequences\n",
        "train_lengths = [s.size for s in train_states_supervised]\n",
        "test_lengths = [s.size for s in test_states_supervised]\n",
        "\n",
        "print()\n",
        "print(\"train sequence length stats (min / max / mean):\",\n",
        "      np.min(train_lengths), np.max(train_lengths), np.mean(train_lengths))\n",
        "print(\"test sequence length stats (min / max / mean):\",\n",
        "      np.min(test_lengths), np.max(test_lengths), np.mean(test_lengths))\n"
      ]
    },
    {
      "cell_type": "markdown",
      "metadata": {},
      "source": [
        "## train supervised hmm\n"
      ]
    },
    {
      "cell_type": "code",
      "execution_count": 3,
      "metadata": {},
      "outputs": [
        {
          "name": "stdout",
          "output_type": "stream",
          "text": [
            "training mode: supervised mle\n",
            "initial state distribution (pi):\n",
            "[0.49127907 0.50872093]\n",
            "\n",
            "transition matrix (A):\n",
            "[[0.54212292 0.45787708]\n",
            " [0.45811682 0.54188318]]\n",
            "\n",
            "emission matrix (B):\n",
            "[[0.22989301 0.19812213 0.16798894 0.13887474 0.1114346  0.07955455\n",
            "  0.05258752 0.02154451]\n",
            " [0.02012519 0.05247835 0.08177451 0.11216246 0.13712788 0.16999054\n",
            "  0.19819492 0.22814615]]\n",
            "\n",
            "shapes -> pi: (2,) , A: (2, 2) , B: (2, 8)\n"
          ]
        }
      ],
      "source": [
        "# choose training routine based on requested number of states\n",
        "num_symbols_supervised = infer_num_symbols(train_obs_supervised)\n",
        "unique_train_labels_supervised = sorted(\n",
        "    {int(label) for seq in train_states_supervised for label in np.unique(seq)}\n",
        ")\n",
        "\n",
        "pi_supervised, A_supervised, B_supervised = train_supervised_hmm(\n",
        "    state_sequences=train_states_supervised,\n",
        "    obs_sequences=train_obs_supervised,\n",
        "    num_states=NUM_STATES_SUPERVISED,\n",
        "    num_symbols=num_symbols_supervised,\n",
        ")\n",
        "\n",
        "print(f\"training mode: supervised mle\")\n",
        "\n",
        "print(\"initial state distribution (pi):\")\n",
        "print(pi_supervised)\n",
        "print()\n",
        "\n",
        "print(\"transition matrix (A):\")\n",
        "print(A_supervised)\n",
        "print()\n",
        "\n",
        "print(\"emission matrix (B):\")\n",
        "print(B_supervised)\n",
        "print()\n",
        "\n",
        "print(\"shapes -> pi:\", pi_supervised.shape, \", A:\", A_supervised.shape, \", B:\", B_supervised.shape)\n"
      ]
    },
    {
      "cell_type": "markdown",
      "metadata": {},
      "source": [
        "## train unsupervised hmm"
      ]
    },
    {
      "cell_type": "code",
      "execution_count": 6,
      "metadata": {},
      "outputs": [
        {
          "name": "stdout",
          "output_type": "stream",
          "text": [
            "training mode: unsupervised (baum-welch)\n",
            "final log-likelihood: 59869.01 after 75 iterations\n",
            "initial state distribution (pi):\n",
            "[1.49390634e-02 9.51537523e-03 3.63352388e-04 8.26993275e-05\n",
            " 2.33866786e-03 3.14772142e-03 1.87493336e-03 1.42035512e-03\n",
            " 1.22314113e-02 3.47506854e-02 4.02042345e-02 9.10039282e-05\n",
            " 6.77131095e-02 9.47617276e-04 1.66256778e-02 4.67208796e-03\n",
            " 2.81222018e-02 7.52771256e-04 8.16465639e-04 2.47617336e-02\n",
            " 2.78469492e-04 9.61383998e-04 2.77323189e-03 5.67797814e-03\n",
            " 4.24252079e-03 6.50933630e-03 4.74226380e-03 6.32529648e-03\n",
            " 1.67484942e-02 2.48055169e-03 3.69662256e-03 1.61101321e-02\n",
            " 2.66543491e-03 2.59856414e-02 2.61209437e-02 8.27527777e-03\n",
            " 1.28313582e-02 5.05079873e-04 2.92822000e-03 5.62162620e-02\n",
            " 3.82985285e-02 5.42323664e-03 2.62080824e-03 1.33585429e-03\n",
            " 6.25345884e-03 9.34342872e-03 7.89842450e-04 1.98050285e-02\n",
            " 1.49635091e-02 2.80779772e-03 9.57858749e-03 2.95928234e-04\n",
            " 4.63173573e-04 2.72266970e-03 1.71375800e-03 5.18993368e-03\n",
            " 4.70173732e-03 7.57755600e-04 1.94043072e-02 1.27897193e-02\n",
            " 3.69767572e-04 1.54517619e-03 5.03671514e-03 1.31512423e-03\n",
            " 8.96382535e-04 8.02755165e-04 1.18927615e-02 1.04340331e-03\n",
            " 4.92011698e-03 1.09440513e-02 3.20722650e-03 2.31808416e-02\n",
            " 7.22258310e-04 1.57435737e-02 2.69468244e-02 1.65645573e-03\n",
            " 7.12493212e-03 8.23581486e-04 4.23810948e-04 1.83403153e-01\n",
            " 7.97453653e-03 1.88202468e-03 2.42709835e-03 3.21239352e-03\n",
            " 1.67442899e-04 1.10867863e-02 3.88887282e-02 1.65734727e-03]\n",
            "\n",
            "transition matrix (A):\n",
            "[[0.0012103  0.0162959  0.02620843 ... 0.01538427 0.04686087 0.00422749]\n",
            " [0.02491754 0.00580244 0.00355766 ... 0.00940801 0.01477153 0.00222265]\n",
            " [0.01591602 0.00016114 0.0187462  ... 0.01426531 0.0047671  0.0044581 ]\n",
            " ...\n",
            " [0.02128556 0.01390988 0.00266085 ... 0.01225834 0.00749252 0.01939377]\n",
            " [0.04286608 0.01720857 0.0028074  ... 0.00939831 0.02220342 0.00284054]\n",
            " [0.00019722 0.00452857 0.00038409 ... 0.01276148 0.0062369  0.01183774]]\n",
            "\n",
            "emission matrix (B):\n",
            "[[0.62552135 0.32145068 0.05302797]\n",
            " [0.31063363 0.4382226  0.25114376]\n",
            " [0.45091129 0.20198403 0.34710468]\n",
            " [0.0048751  0.67558054 0.31954436]\n",
            " [0.27767473 0.40573375 0.31659151]\n",
            " [0.16763319 0.26130333 0.57106348]\n",
            " [0.12203731 0.50107965 0.37688304]\n",
            " [0.20984376 0.28488337 0.50527288]\n",
            " [0.09307681 0.67830837 0.22861482]\n",
            " [0.23359136 0.32817158 0.43823705]\n",
            " [0.38598194 0.48923954 0.12477852]\n",
            " [0.34538256 0.52461063 0.13000682]\n",
            " [0.65559221 0.25208884 0.09231895]\n",
            " [0.5741477  0.22140463 0.20444767]\n",
            " [0.47718672 0.47854794 0.04426534]\n",
            " [0.1950475  0.41707233 0.38788017]\n",
            " [0.28902713 0.34622124 0.36475163]\n",
            " [0.25379223 0.06448261 0.68172516]\n",
            " [0.17419342 0.54441707 0.28138951]\n",
            " [0.59633173 0.06308578 0.34058249]\n",
            " [0.34363687 0.4356484  0.22071473]\n",
            " [0.33521607 0.33665652 0.32812741]\n",
            " [0.28203793 0.05767815 0.66028392]\n",
            " [0.24131788 0.53681237 0.22186974]\n",
            " [0.10297117 0.54665518 0.35037366]\n",
            " [0.39908122 0.50055888 0.1003599 ]\n",
            " [0.43145158 0.26843385 0.30011457]\n",
            " [0.16283935 0.36582001 0.47134064]\n",
            " [0.39764793 0.27933587 0.3230162 ]\n",
            " [0.43240798 0.23581008 0.33178194]\n",
            " [0.52729106 0.27318202 0.19952691]\n",
            " [0.48447141 0.1683071  0.34722149]\n",
            " [0.33116479 0.45158696 0.21724824]\n",
            " [0.38849711 0.56296921 0.04853367]\n",
            " [0.50972419 0.25412696 0.23614885]\n",
            " [0.17861248 0.77667258 0.04471494]\n",
            " [0.05651598 0.77249432 0.1709897 ]\n",
            " [0.33429968 0.41327379 0.25242653]\n",
            " [0.13562916 0.38071295 0.48365789]\n",
            " [0.97424811 0.01232394 0.01342796]\n",
            " [0.51251274 0.21540231 0.27208495]\n",
            " [0.47466498 0.07454144 0.45079359]\n",
            " [0.2799223  0.39616521 0.32391249]\n",
            " [0.1144739  0.29659255 0.58893355]\n",
            " [0.45625586 0.48166242 0.06208172]\n",
            " [0.48598155 0.36677108 0.14724737]\n",
            " [0.43728876 0.0896621  0.47304914]\n",
            " [0.33214839 0.3218307  0.34602092]\n",
            " [0.22534396 0.39349908 0.38115696]\n",
            " [0.25155522 0.41081073 0.33763405]\n",
            " [0.38244465 0.05429441 0.56326093]\n",
            " [0.13778187 0.46942166 0.39279646]\n",
            " [0.22550253 0.07637856 0.69811891]\n",
            " [0.3817005  0.46869147 0.14960803]\n",
            " [0.12019968 0.48019867 0.39960165]\n",
            " [0.39013665 0.44813817 0.16172518]\n",
            " [0.42361013 0.24973546 0.32665441]\n",
            " [0.3021832  0.43487023 0.26294657]\n",
            " [0.46864393 0.15830894 0.37304713]\n",
            " [0.52914726 0.26960375 0.20124899]\n",
            " [0.45003221 0.04248155 0.50748624]\n",
            " [0.11359301 0.04065018 0.84575681]\n",
            " [0.75694549 0.11868331 0.1243712 ]\n",
            " [0.41757698 0.13875619 0.44366684]\n",
            " [0.34125927 0.35779938 0.30094135]\n",
            " [0.19639674 0.17297145 0.63063181]\n",
            " [0.33152796 0.51056459 0.15790745]\n",
            " [0.48333674 0.42500811 0.09165515]\n",
            " [0.27360759 0.39421457 0.33217784]\n",
            " [0.08355237 0.62304828 0.29339935]\n",
            " [0.50329365 0.06671422 0.42999213]\n",
            " [0.23319177 0.42042228 0.34638594]\n",
            " [0.11143421 0.26360123 0.62496455]\n",
            " [0.42823511 0.49711215 0.07465275]\n",
            " [0.34901917 0.34381998 0.30716085]\n",
            " [0.13260149 0.35433104 0.51306747]\n",
            " [0.35403585 0.31671377 0.32925037]\n",
            " [0.04054056 0.30085285 0.65860658]\n",
            " [0.06140262 0.8356883  0.10290907]\n",
            " [0.47298272 0.31465809 0.21235918]\n",
            " [0.36693581 0.17386288 0.4592013 ]\n",
            " [0.24546244 0.35716704 0.39737052]\n",
            " [0.06008627 0.36526904 0.57464469]\n",
            " [0.38277153 0.26038677 0.3568417 ]\n",
            " [0.26001598 0.48998187 0.25000215]\n",
            " [0.48967141 0.10806241 0.40226618]\n",
            " [0.32946235 0.51579959 0.15473806]\n",
            " [0.26095908 0.39411291 0.34492801]]\n",
            "\n",
            "shapes -> pi: (88,) , A: (88, 88) , B: (88, 3)\n"
          ]
        }
      ],
      "source": [
        "# choose training routine based on requested number of states\n",
        "num_symbols_unsupervised = infer_num_symbols(train_obs_unsupervised)\n",
        "unique_train_labels_unsupervised = sorted(\n",
        "    {int(label) for seq in train_states_unsupervised for label in np.unique(seq)}\n",
        ")\n",
        "\n",
        "pi_unsupervised, A_unsupervised, B_unsupervised, log_likelihoods = train_unsupervised_hmm(\n",
        "    obs_sequences=train_obs_unsupervised,\n",
        "    num_states=NUM_STATES_UNSUPERVISED,\n",
        "    num_symbols=num_symbols_unsupervised,\n",
        "    smoothing=1e-3,\n",
        "    max_iters=75,\n",
        "    tol=1e-3,\n",
        "    random_state=0,\n",
        ")\n",
        "\n",
        "\n",
        "print(f\"training mode: unsupervised (baum-welch)\")\n",
        "print(\n",
        "    f\"final log-likelihood: {log_likelihoods[-1]:.2f} after {len(log_likelihoods)} iterations\"\n",
        ")\n",
        "\n",
        "print(\"initial state distribution (pi):\")\n",
        "print(pi_unsupervised)\n",
        "print()\n",
        "\n",
        "print(\"transition matrix (A):\")\n",
        "print(A_unsupervised)\n",
        "print()\n",
        "\n",
        "print(\"emission matrix (B):\")\n",
        "print(B_unsupervised)\n",
        "print()\n",
        "\n",
        "print(\"shapes -> pi:\", pi_unsupervised.shape, \", A:\", A_unsupervised.shape, \", B:\", B_unsupervised.shape)\n"
      ]
    },
    {
      "cell_type": "markdown",
      "metadata": {},
      "source": [
        "map hidden hmm states to win/loss outcomes for model trained unsupervised"
      ]
    },
    {
      "cell_type": "code",
      "execution_count": 7,
      "metadata": {},
      "outputs": [
        {
          "name": "stdout",
          "output_type": "stream",
          "text": [
            "hidden state to outcome mapping: [1 0 0 0 0 0 0 0 1 1 1 0 0 0 0 0 1 0 1 1 0 0 0 0 0 0 0 1 0 0 1 0 0 1 1 0 1\n",
            " 0 0 0 1 0 0 1 0 0 0 1 0 0 0 0 0 0 0 0 0 0 0 1 0 0 1 0 0 0 0 0 0 1 0 0 0 1\n",
            " 0 1 0 1 1 1 0 0 0 0 0 0 0 0]\n",
            "train accuracy after mapping: 0.707\n"
          ]
        }
      ],
      "source": [
        "# map hidden hmm states to win/loss outcomes when using unsupervised training\n",
        "state_mapping = None\n",
        "train_hidden_paths = viterbi_on_sequences(\n",
        "    emissions=B_unsupervised,\n",
        "    initials=pi_unsupervised,\n",
        "    transitions=A_unsupervised,\n",
        "    obs_sequences=train_obs_unsupervised,\n",
        ")\n",
        "state_mapping = map_hidden_states_to_outcomes(\n",
        "    hidden_sequences=train_hidden_paths,\n",
        "    true_sequences=train_states_unsupervised,\n",
        "    num_hidden_states=NUM_STATES_UNSUPERVISED,\n",
        ")\n",
        "mapped_train_paths = convert_hidden_to_observed(train_hidden_paths, state_mapping)\n",
        "train_macro_acc = sequence_accuracy(train_states_unsupervised, mapped_train_paths)\n",
        "print(\"hidden state to outcome mapping:\", state_mapping)\n",
        "print(f\"train accuracy after mapping: {train_macro_acc:.3f}\")\n",
        "\n"
      ]
    },
    {
      "cell_type": "markdown",
      "metadata": {},
      "source": [
        "## run viterbi decoding on test data and compute accuracy\n"
      ]
    },
    {
      "cell_type": "markdown",
      "metadata": {},
      "source": [
        "## supervised model"
      ]
    },
    {
      "cell_type": "code",
      "execution_count": 27,
      "metadata": {},
      "outputs": [
        {
          "name": "stdout",
          "output_type": "stream",
          "text": [
            "overall test accuracy (supervised): 0.7411477411477412\n",
            "mean per-sequence accuracy (supervised): 0.7411343053635802\n",
            "median per-sequence accuracy (supervised): 0.7378048780487805\n",
            "\n",
            "overall test accuracy (unsupervised): 0.7087912087912088\n",
            "mean per-sequence accuracy (unsupervised): 0.708787362639356\n",
            "median per-sequence accuracy (unsupervised): 0.7073170731707317\n"
          ]
        }
      ],
      "source": [
        "# run viterbi on test observation sequences\n",
        "pred_paths_supervised = viterbi_on_sequences(\n",
        "    emissions=B_supervised,\n",
        "    initials=pi_supervised,\n",
        "    transitions=A_supervised,\n",
        "    obs_sequences=test_obs_supervised,\n",
        ")\n",
        "\n",
        "# compute overall test accuracy\n",
        "overall_acc_supervised = sequence_accuracy(test_states_supervised, pred_paths_supervised)\n",
        "print(\"overall test accuracy (supervised):\", overall_acc_supervised)\n",
        "\n",
        "# compute per-sequence accuracies and keep track of seasons and indices\n",
        "per_seq_accs_supervised = []\n",
        "per_seq_seasons_supervised = []\n",
        "per_seq_indices_supervised = []\n",
        "\n",
        "for idx, (season, y_true, y_pred) in enumerate(\n",
        "    zip(test_seasons_supervised, test_states_supervised, pred_paths_supervised)\n",
        "):\n",
        "    if y_true.size == 0 or y_pred.size == 0:\n",
        "        continue\n",
        "    T = min(y_true.size, y_pred.size)\n",
        "    acc = np.mean(y_true[:T] == y_pred[:T])\n",
        "    per_seq_accs_supervised.append(acc)\n",
        "    per_seq_seasons_supervised.append(season)\n",
        "    per_seq_indices_supervised.append(idx)\n",
        "\n",
        "per_seq_accs_supervised = np.array(per_seq_accs_supervised)\n",
        "per_seq_seasons_supervised = np.array(per_seq_seasons_supervised)\n",
        "per_seq_indices_supervised = np.array(per_seq_indices_supervised, dtype=int)\n",
        "\n",
        "print(\"mean per-sequence accuracy (supervised):\", per_seq_accs_supervised.mean())\n",
        "print(\"median per-sequence accuracy (supervised):\", np.median(per_seq_accs_supervised))\n",
        "print()\n",
        "\n",
        "# run viterbi on test observation sequences\n",
        "raw_pred_paths = viterbi_on_sequences(\n",
        "    emissions=B_unsupervised,\n",
        "    initials=pi_unsupervised,\n",
        "    transitions=A_unsupervised,\n",
        "    obs_sequences=test_obs_unsupervised,\n",
        ")\n",
        "pred_paths_unsupervised = convert_hidden_to_observed(raw_pred_paths, state_mapping)\n",
        "\n",
        "# compute overall test accuracy\n",
        "overall_acc_unsupervised = sequence_accuracy(test_states_unsupervised, pred_paths_unsupervised)\n",
        "print(\"overall test accuracy (unsupervised):\", overall_acc_unsupervised)\n",
        "\n",
        "# compute per-sequence accuracies and keep track of seasons and indices\n",
        "per_seq_accs_unsupervised = []\n",
        "per_seq_seasons_unsupervised = []\n",
        "per_seq_indices_unsupervised = []\n",
        "\n",
        "for idx, (season, y_true, y_pred) in enumerate(\n",
        "    zip(test_seasons_unsupervised, test_states_unsupervised, pred_paths_unsupervised)\n",
        "):\n",
        "    if y_true.size == 0 or y_pred.size == 0:\n",
        "        continue\n",
        "    T = min(y_true.size, y_pred.size)\n",
        "    acc = np.mean(y_true[:T] == y_pred[:T])\n",
        "    per_seq_accs_unsupervised.append(acc)\n",
        "    per_seq_seasons_unsupervised.append(season)\n",
        "    per_seq_indices_unsupervised.append(idx)\n",
        "\n",
        "per_seq_accs_unsupervised = np.array(per_seq_accs_unsupervised)\n",
        "per_seq_seasons_unsupervised = np.array(per_seq_seasons_unsupervised)\n",
        "per_seq_indices_unsupervised = np.array(per_seq_indices_unsupervised, dtype=int)\n",
        "\n",
        "print(\"mean per-sequence accuracy (unsupervised):\", per_seq_accs_unsupervised.mean())\n",
        "print(\"median per-sequence accuracy (unsupervised):\", np.median(per_seq_accs_unsupervised))\n"
      ]
    },
    {
      "cell_type": "markdown",
      "metadata": {},
      "source": [
        "## unsupervised model"
      ]
    },
    {
      "cell_type": "markdown",
      "metadata": {},
      "source": [
        "## visualize per-sequence accuracy distribution\n"
      ]
    },
    {
      "cell_type": "code",
      "execution_count": 25,
      "metadata": {},
      "outputs": [
        {
          "data": {
