{
  "cells": [
    {
      "cell_type": "markdown",
      "metadata": {},
      "source": [
        "# example code for training and evaluating hmm models\n"
      ]
    },
    {
      "cell_type": "markdown",
      "metadata": {},
      "source": [
        "## define imports and constants\n"
      ]
    },
    {
      "cell_type": "code",
      "execution_count": 1,
      "metadata": {},
      "outputs": [],
      "source": [
        "import sys\n",
        "from pathlib import Path\n",
        "\n",
        "# get project root for file paths and add project root to python path so imports work from notebooks folder\n",
        "PROJECT_ROOT = Path(\"..\").resolve()\n",
        "if str(PROJECT_ROOT) not in sys.path:\n",
        "    sys.path.insert(0, str(PROJECT_ROOT))\n",
        "\n",
        "from hmm.preprocess import build_sequences_from_csv\n",
        "from hmm.hmm_model import (\n",
        "    train_supervised_hmm,\n",
        "    train_unsupervised_hmm,\n",
        "    sequence_accuracy,\n",
        "    map_hidden_states_to_outcomes,\n",
        "    convert_hidden_to_observed,\n",
        "    infer_num_symbols,\n",
        ")\n",
        "from hmm.hmm_viterbi import viterbi_on_sequences\n",
        "\n",
        "import numpy as np\n",
        "import matplotlib.pyplot as plt\n",
        "\n",
        "# constants\n",
        "DATA_PATH = str(PROJECT_ROOT / \"data\" / \"allseasons.csv\")  # path where game data is stored\n",
        "HOLDOUT_SEASONS = (2018, 2024)  # test set seasons\n",
        "NUM_STATES_SUPERVISED = 2  # 0 = loss, 1 = win (if 2 states, else state to win/loss mapping is done later)\n",
        "NUM_STATES_UNSUPERVISED = 90\n",
        "NUM_BINS_SUPERVISED = 8\n",
        "NUM_BINS_UNSUPERVISED = 3\n",
        "DEAN = False\n",
        "\n",
        "# notebook plotting defaults\n",
        "plt.style.use(\"seaborn-v0_8\")\n",
        "%matplotlib inline\n"
      ]
    },
    {
      "cell_type": "markdown",
      "metadata": {},
      "source": [
        "## load and inspect sequences\n"
      ]
    },
    {
      "cell_type": "code",
      "execution_count": 2,
      "metadata": {},
      "outputs": [
        {
          "name": "stdout",
          "output_type": "stream",
          "text": [
            "num train sequences: 686\n",
            "num test sequences: 60\n",
            "\n",
            "train sequence length stats (min / max / mean): 63 84 80.08746355685132\n",
            "test sequence length stats (min / max / mean): 81 83 81.9\n"
          ]
        }
      ],
      "source": [
        "# build sequences using specified holdout seasons for supervised training\n",
        "(\n",
        "    train_states_supervised,\n",
        "    train_obs_supervised,\n",
        "    test_states_supervised,\n",
        "    test_obs_supervised,\n",
        "    train_seasons_supervised,\n",
        "    test_seasons_supervised,\n",
        ") = build_sequences_from_csv(\n",
        "    DATA_PATH,\n",
        "    holdout_seasons=HOLDOUT_SEASONS,\n",
        "    num_bins=NUM_BINS_SUPERVISED,\n",
        "    dean=DEAN,\n",
        ")\n",
        "\n",
        "# build sequences using specified holdout seasons for unsupervised training\n",
        "(\n",
        "    train_states_unsupervised,\n",
        "    train_obs_unsupervised,\n",
        "    test_states_unsupervised,\n",
        "    test_obs_unsupervised,\n",
        "    train_seasons_unsupervised,\n",
        "    test_seasons_unsupervised,\n",
        ") = build_sequences_from_csv(\n",
        "    DATA_PATH,\n",
        "    holdout_seasons=HOLDOUT_SEASONS,\n",
        "    num_bins=NUM_BINS_UNSUPERVISED,\n",
        "    dean=DEAN,\n",
        ")\n",
        "\n",
        "print(f\"num train sequences: {len(train_states_supervised)}\")\n",
        "print(f\"num test sequences: {len(test_states_supervised)}\")\n",
        "\n",
        "# compute basic length statistics for sequences\n",
        "train_lengths = [s.size for s in train_states_supervised]\n",
        "test_lengths = [s.size for s in test_states_supervised]\n",
        "\n",
        "print()\n",
        "print(\"train sequence length stats (min / max / mean):\",\n",
        "      np.min(train_lengths), np.max(train_lengths), np.mean(train_lengths))\n",
        "print(\"test sequence length stats (min / max / mean):\",\n",
        "      np.min(test_lengths), np.max(test_lengths), np.mean(test_lengths))\n"
      ]
    },
    {
      "cell_type": "markdown",
      "metadata": {},
      "source": [
        "## train supervised hmm\n"
      ]
    },
    {
      "cell_type": "code",
      "execution_count": 3,
      "metadata": {},
      "outputs": [
        {
          "name": "stdout",
          "output_type": "stream",
          "text": [
            "training mode: supervised mle\n",
            "initial state distribution (pi):\n",
            "[0.49127907 0.50872093]\n",
            "\n",
            "transition matrix (A):\n",
            "[[0.54212292 0.45787708]\n",
            " [0.45811682 0.54188318]]\n",
            "\n",
            "emission matrix (B):\n",
            "[[0.22989301 0.19812213 0.16798894 0.13887474 0.1114346  0.07955455\n",
            "  0.05258752 0.02154451]\n",
            " [0.02012519 0.05247835 0.08177451 0.11216246 0.13712788 0.16999054\n",
            "  0.19819492 0.22814615]]\n",
            "\n",
            "shapes -> pi: (2,) , A: (2, 2) , B: (2, 8)\n"
          ]
        }
      ],
      "source": [
        "# choose training routine based on requested number of states\n",
        "num_symbols_supervised = infer_num_symbols(train_obs_supervised)\n",
        "unique_train_labels_supervised = sorted(\n",
        "    {int(label) for seq in train_states_supervised for label in np.unique(seq)}\n",
        ")\n",
        "\n",
        "pi_supervised, A_supervised, B_supervised = train_supervised_hmm(\n",
        "    state_sequences=train_states_supervised,\n",
        "    obs_sequences=train_obs_supervised,\n",
        "    num_states=NUM_STATES_SUPERVISED,\n",
        "    num_symbols=num_symbols_supervised,\n",
        ")\n",
        "\n",
        "print(f\"training mode: supervised mle\")\n",
        "\n",
        "print(\"initial state distribution (pi):\")\n",
        "print(pi_supervised)\n",
        "print()\n",
        "\n",
        "print(\"transition matrix (A):\")\n",
        "print(A_supervised)\n",
        "print()\n",
        "\n",
        "print(\"emission matrix (B):\")\n",
        "print(B_supervised)\n",
        "print()\n",
        "\n",
        "print(\"shapes -> pi:\", pi_supervised.shape, \", A:\", A_supervised.shape, \", B:\", B_supervised.shape)\n"
      ]
    },
    {
      "cell_type": "markdown",
      "metadata": {},
      "source": [
        "## train unsupervised hmm"
      ]
    },
    {
      "cell_type": "code",
      "execution_count": 4,
      "metadata": {},
      "outputs": [
        {
          "name": "stdout",
          "output_type": "stream",
          "text": [
            "training mode: unsupervised (baum-welch)\n",
            "final log-likelihood: 59870.12 after 75 iterations\n",
            "initial state distribution (pi):\n",
            "[2.75695326e-03 4.50153685e-03 1.74692293e-04 7.32867813e-05\n",
            " 5.92606552e-03 8.00726742e-03 2.55185486e-03 1.49381777e-02\n",
            " 4.98499666e-02 8.42462544e-03 1.62046383e-02 8.03183800e-05\n",
            " 1.28081309e-02 5.45863030e-04 1.28595057e-02 1.01244203e-02\n",
            " 2.01832705e-02 5.02917945e-03 2.70378271e-03 1.66287236e-02\n",
            " 2.17731370e-04 5.86423540e-04 1.57800757e-03 2.71590061e-03\n",
            " 3.54944380e-03 5.97719935e-04 1.92579584e-03 1.66493533e-02\n",
            " 2.54808718e-03 1.80478087e-03 1.54350158e-03 9.36584944e-03\n",
            " 6.16762727e-03 1.31072441e-03 4.60545989e-03 1.04628769e-02\n",
            " 1.26307177e-02 1.58486717e-03 2.41038560e-02 2.51739943e-02\n",
            " 2.34199435e-02 7.85537485e-03 7.94102619e-04 3.68987814e-03\n",
            " 1.21971275e-03 2.93414164e-03 5.04367725e-04 3.38806354e-02\n",
            " 1.87233971e-02 4.54860053e-03 3.69437874e-02 5.80796587e-04\n",
            " 3.32555004e-03 1.03727981e-03 6.02808822e-03 1.83326829e-02\n",
            " 2.83504817e-03 3.24754344e-04 7.89670658e-03 7.25167455e-04\n",
            " 2.54903753e-04 3.54025611e-03 2.92151906e-03 9.06526826e-04\n",
            " 1.84574797e-03 4.43543127e-03 9.17727887e-03 6.69182161e-04\n",
            " 8.90815515e-03 6.16886341e-03 3.82742363e-03 4.70292425e-02\n",
            " 5.01688678e-03 8.37341018e-03 4.55780958e-02 6.75474802e-03\n",
            " 8.31163929e-03 4.93140670e-03 2.95776749e-04 1.90393135e-01\n",
            " 5.05957323e-02 2.83744961e-03 1.20832290e-02 4.93676541e-03\n",
            " 1.39076193e-04 3.21327135e-02 2.66355012e-02 1.66602635e-03\n",
            " 1.90024635e-04 1.03488586e-02]\n",
            "\n",
            "transition matrix (A):\n",
            "[[0.02226749 0.01998521 0.00299548 ... 0.00681992 0.00286639 0.01797542]\n",
            " [0.01634535 0.0037807  0.00844715 ... 0.02087161 0.00307874 0.01731903]\n",
            " [0.01746716 0.02055649 0.01761258 ... 0.01275519 0.01014855 0.00592285]\n",
            " ...\n",
            " [0.00849846 0.01121711 0.01594288 ... 0.00696221 0.00722128 0.02517062]\n",
            " [0.0072885  0.00603394 0.01722138 ... 0.01578447 0.00749851 0.01473875]\n",
            " [0.00220349 0.00663533 0.01818304 ... 0.02478835 0.00760815 0.03090646]]\n",
            "\n",
            "emission matrix (B):\n",
            "[[0.29472056 0.31454584 0.3907336 ]\n",
            " [0.33490656 0.35340144 0.311692  ]\n",
            " [0.3288989  0.40038226 0.27071883]\n",
            " [0.40315743 0.0865547  0.51028787]\n",
            " [0.44668382 0.27090075 0.28241542]\n",
            " [0.36798612 0.06366158 0.5683523 ]\n",
            " [0.29010175 0.3697316  0.34016664]\n",
            " [0.40193199 0.56669461 0.0313734 ]\n",
            " [0.46811184 0.43789801 0.09399015]\n",
            " [0.07407757 0.13053273 0.7953897 ]\n",
            " [0.33202454 0.01445174 0.65352372]\n",
            " [0.32713973 0.20981588 0.46304439]\n",
            " [0.36599309 0.13569043 0.49831648]\n",
            " [0.31426994 0.34654796 0.3391821 ]\n",
            " [0.53266873 0.20645915 0.26087212]\n",
            " [0.40782763 0.44470892 0.14746344]\n",
            " [0.21019151 0.47933631 0.31047218]\n",
            " [0.54316436 0.15133585 0.30549978]\n",
            " [0.36520304 0.31779935 0.31699761]\n",
            " [0.3554903  0.43129494 0.21321476]\n",
            " [0.26924313 0.30677619 0.42398068]\n",
            " [0.26909532 0.4016214  0.32928328]\n",
            " [0.01113533 0.52514911 0.46371557]\n",
            " [0.04592562 0.7922594  0.16181498]\n",
            " [0.25019512 0.0357562  0.71404868]\n",
            " [0.03138063 0.35939625 0.60922312]\n",
            " [0.3423387  0.34838462 0.30927668]\n",
            " [0.19770377 0.67180543 0.1304908 ]\n",
            " [0.2090651  0.18909858 0.60183632]\n",
            " [0.25498588 0.45809277 0.28692135]\n",
            " [0.27113834 0.64475663 0.08410503]\n",
            " [0.44072744 0.06632261 0.49294995]\n",
            " [0.26655223 0.57409205 0.15935572]\n",
            " [0.1409244  0.20649229 0.65258331]\n",
            " [0.27264305 0.42653327 0.30082367]\n",
            " [0.41753036 0.15825815 0.42421149]\n",
            " [0.23452994 0.41250268 0.35296737]\n",
            " [0.25712292 0.69290858 0.0499685 ]\n",
            " [0.52379602 0.31448522 0.16171877]\n",
            " [0.56902239 0.4004064  0.03057121]\n",
            " [0.4933821  0.11451464 0.39210326]\n",
            " [0.55870121 0.22854916 0.21274963]\n",
            " [0.05577353 0.21395982 0.73026665]\n",
            " [0.28664023 0.39880808 0.31455168]\n",
            " [0.38853844 0.27710508 0.33435648]\n",
            " [0.18030563 0.48344419 0.33625018]\n",
            " [0.31059415 0.43322794 0.25617791]\n",
            " [0.70282382 0.06880633 0.22836985]\n",
            " [0.35512889 0.39710784 0.24776327]\n",
            " [0.47232239 0.17223955 0.35543805]\n",
            " [0.27844739 0.55990997 0.16164264]\n",
            " [0.3115201  0.35716237 0.33131753]\n",
            " [0.37601621 0.31742725 0.30655654]\n",
            " [0.23122685 0.17105808 0.59771507]\n",
            " [0.45739887 0.03393858 0.50866255]\n",
            " [0.72624192 0.05032033 0.22343775]\n",
            " [0.33342211 0.36327394 0.30330395]\n",
            " [0.19719583 0.13992893 0.66287525]\n",
            " [0.3770672  0.03949976 0.58343303]\n",
            " [0.18747952 0.22917235 0.58334813]\n",
            " [0.09353487 0.47898528 0.42747985]\n",
            " [0.34610189 0.36951919 0.28437892]\n",
            " [0.43788231 0.10079499 0.46132269]\n",
            " [0.26095959 0.05920903 0.67983137]\n",
            " [0.32778282 0.10288651 0.56933067]\n",
            " [0.39164361 0.2767509  0.33160548]\n",
            " [0.16854229 0.72977457 0.10168314]\n",
            " [0.27737184 0.33181961 0.39080855]\n",
            " [0.28260108 0.40920283 0.30819609]\n",
            " [0.01899435 0.71524365 0.265762  ]\n",
            " [0.03695235 0.87543825 0.0876094 ]\n",
            " [0.34711092 0.45673275 0.19615633]\n",
            " [0.42931221 0.49485069 0.07583709]\n",
            " [0.34974623 0.30581738 0.34443639]\n",
            " [0.68763393 0.28655891 0.02580716]\n",
            " [0.30931471 0.36404662 0.32663866]\n",
            " [0.40726885 0.43708679 0.15564436]\n",
            " [0.42798197 0.49852753 0.0734905 ]\n",
            " [0.26343034 0.28798363 0.44858603]\n",
            " [0.46521926 0.25569692 0.27908382]\n",
            " [0.64012841 0.35196438 0.00790721]\n",
            " [0.2585322  0.4260395  0.3154283 ]\n",
            " [0.26100667 0.39908334 0.33990999]\n",
            " [0.08024969 0.82451243 0.09523788]\n",
            " [0.30734632 0.16538116 0.52727252]\n",
            " [0.71133905 0.21025538 0.07840557]\n",
            " [0.56580946 0.256299   0.17789154]\n",
            " [0.16656649 0.4070401  0.4263934 ]\n",
            " [0.20068459 0.48976306 0.30955235]\n",
            " [0.00131603 0.68366965 0.31501432]]\n",
            "\n",
            "shapes -> pi: (90,) , A: (90, 90) , B: (90, 3)\n"
          ]
        }
      ],
      "source": [
        "# choose training routine based on requested number of states\n",
        "num_symbols_unsupervised = infer_num_symbols(train_obs_unsupervised)\n",
        "unique_train_labels_unsupervised = sorted(\n",
        "    {int(label) for seq in train_states_unsupervised for label in np.unique(seq)}\n",
        ")\n",
        "\n",
        "pi_unsupervised, A_unsupervised, B_unsupervised, log_likelihoods = train_unsupervised_hmm(\n",
        "    obs_sequences=train_obs_unsupervised,\n",
        "    num_states=NUM_STATES_UNSUPERVISED,\n",
        "    num_symbols=num_symbols_unsupervised,\n",
        "    smoothing=1e-3,\n",
        "    max_iters=75,\n",
        "    tol=1e-3,\n",
        "    random_state=0,\n",
        ")\n",
        "\n",
        "\n",
        "print(f\"training mode: unsupervised (baum-welch)\")\n",
        "print(\n",
        "    f\"final log-likelihood: {log_likelihoods[-1]:.2f} after {len(log_likelihoods)} iterations\"\n",
        ")\n",
        "\n",
        "print(\"initial state distribution (pi):\")\n",
        "print(pi_unsupervised)\n",
        "print()\n",
        "\n",
        "print(\"transition matrix (A):\")\n",
        "print(A_unsupervised)\n",
        "print()\n",
        "\n",
        "print(\"emission matrix (B):\")\n",
        "print(B_unsupervised)\n",
        "print()\n",
        "\n",
        "print(\"shapes -> pi:\", pi_unsupervised.shape, \", A:\", A_unsupervised.shape, \", B:\", B_unsupervised.shape)\n"
      ]
    },
    {
      "cell_type": "markdown",
      "metadata": {},
      "source": [
        "map hidden hmm states to win/loss outcomes for model trained unsupervised"
      ]
    },
    {
      "cell_type": "code",
      "execution_count": 5,
      "metadata": {},
      "outputs": [
        {
          "name": "stdout",
          "output_type": "stream",
          "text": [
            "hidden state to outcome mapping: [0 0 0 0 0 0 0 0 0 1 1 0 0 0 0 0 1 0 0 0 0 0 1 1 0 1 0 1 0 0 0 0 0 1 0 0 0\n",
            " 0 0 0 1 0 1 0 0 0 0 0 0 1 1 0 0 0 0 0 0 0 1 0 0 0 1 0 0 0 0 0 0 1 1 0 0 0\n",
            " 0 0 0 0 0 1 0 0 1 0 1 0 0 0 0 1]\n",
            "train accuracy after mapping: 0.714\n"
          ]
        }
      ],
      "source": [
        "# map hidden hmm states to win/loss outcomes when using unsupervised training\n",
        "state_mapping = None\n",
        "train_hidden_paths = viterbi_on_sequences(\n",
        "    emissions=B_unsupervised,\n",
        "    initials=pi_unsupervised,\n",
        "    transitions=A_unsupervised,\n",
        "    obs_sequences=train_obs_unsupervised,\n",
        ")\n",
        "state_mapping = map_hidden_states_to_outcomes(\n",
        "    hidden_sequences=train_hidden_paths,\n",
        "    true_sequences=train_states_unsupervised,\n",
        "    num_hidden_states=NUM_STATES_UNSUPERVISED,\n",
        ")\n",
        "mapped_train_paths = convert_hidden_to_observed(train_hidden_paths, state_mapping)\n",
        "train_macro_acc = sequence_accuracy(train_states_unsupervised, mapped_train_paths)\n",
        "print(\"hidden state to outcome mapping:\", state_mapping)\n",
        "print(f\"train accuracy after mapping: {train_macro_acc:.3f}\")\n",
        "\n"
      ]
    },
    {
      "cell_type": "markdown",
      "metadata": {},
      "source": [
        "## run viterbi decoding on test data and compute accuracy\n"
      ]
    },
    {
      "cell_type": "markdown",
      "metadata": {},
      "source": [
        "## supervised model"
      ]
    },
    {
      "cell_type": "code",
      "execution_count": 6,
      "metadata": {},
      "outputs": [
        {
          "name": "stdout",
          "output_type": "stream",
          "text": [
            "overall test accuracy (supervised): 0.7411477411477412\n",
            "mean per-sequence accuracy (supervised): 0.7411343053635802\n",
            "median per-sequence accuracy (supervised): 0.7378048780487805\n",
            "\n",
            "overall test accuracy (unsupervised): 0.7234432234432234\n",
            "mean per-sequence accuracy (unsupervised): 0.7233962952079318\n",
            "median per-sequence accuracy (unsupervised): 0.7239536284251731\n"
          ]
        }
      ],
      "source": [
        "# run viterbi on test observation sequences\n",
        "pred_paths_supervised = viterbi_on_sequences(\n",
        "    emissions=B_supervised,\n",
        "    initials=pi_supervised,\n",
        "    transitions=A_supervised,\n",
        "    obs_sequences=test_obs_supervised,\n",
        ")\n",
        "\n",
        "# compute overall test accuracy\n",
        "overall_acc_supervised = sequence_accuracy(test_states_supervised, pred_paths_supervised)\n",
        "print(\"overall test accuracy (supervised):\", overall_acc_supervised)\n",
        "\n",
        "# compute per-sequence accuracies and keep track of seasons and indices\n",
        "per_seq_accs_supervised = []\n",
        "per_seq_seasons_supervised = []\n",
        "per_seq_indices_supervised = []\n",
        "\n",
        "for idx, (season, y_true, y_pred) in enumerate(\n",
        "    zip(test_seasons_supervised, test_states_supervised, pred_paths_supervised)\n",
        "):\n",
        "    if y_true.size == 0 or y_pred.size == 0:\n",
        "        continue\n",
        "    T = min(y_true.size, y_pred.size)\n",
        "    acc = np.mean(y_true[:T] == y_pred[:T])\n",
        "    per_seq_accs_supervised.append(acc)\n",
        "    per_seq_seasons_supervised.append(season)\n",
        "    per_seq_indices_supervised.append(idx)\n",
        "\n",
        "per_seq_accs_supervised = np.array(per_seq_accs_supervised)\n",
        "per_seq_seasons_supervised = np.array(per_seq_seasons_supervised)\n",
        "per_seq_indices_supervised = np.array(per_seq_indices_supervised, dtype=int)\n",
        "\n",
        "print(\"mean per-sequence accuracy (supervised):\", per_seq_accs_supervised.mean())\n",
        "print(\"median per-sequence accuracy (supervised):\", np.median(per_seq_accs_supervised))\n",
        "print()\n",
        "\n",
        "# run viterbi on test observation sequences\n",
        "raw_pred_paths = viterbi_on_sequences(\n",
        "    emissions=B_unsupervised,\n",
        "    initials=pi_unsupervised,\n",
        "    transitions=A_unsupervised,\n",
        "    obs_sequences=test_obs_unsupervised,\n",
        ")\n",
        "pred_paths_unsupervised = convert_hidden_to_observed(raw_pred_paths, state_mapping)\n",
        "\n",
        "# compute overall test accuracy\n",
        "overall_acc_unsupervised = sequence_accuracy(test_states_unsupervised, pred_paths_unsupervised)\n",
        "print(\"overall test accuracy (unsupervised):\", overall_acc_unsupervised)\n",
        "\n",
        "# compute per-sequence accuracies and keep track of seasons and indices\n",
        "per_seq_accs_unsupervised = []\n",
        "per_seq_seasons_unsupervised = []\n",
        "per_seq_indices_unsupervised = []\n",
        "\n",
        "for idx, (season, y_true, y_pred) in enumerate(\n",
        "    zip(test_seasons_unsupervised, test_states_unsupervised, pred_paths_unsupervised)\n",
        "):\n",
        "    if y_true.size == 0 or y_pred.size == 0:\n",
        "        continue\n",
        "    T = min(y_true.size, y_pred.size)\n",
        "    acc = np.mean(y_true[:T] == y_pred[:T])\n",
        "    per_seq_accs_unsupervised.append(acc)\n",
        "    per_seq_seasons_unsupervised.append(season)\n",
        "    per_seq_indices_unsupervised.append(idx)\n",
        "\n",
        "per_seq_accs_unsupervised = np.array(per_seq_accs_unsupervised)\n",
        "per_seq_seasons_unsupervised = np.array(per_seq_seasons_unsupervised)\n",
        "per_seq_indices_unsupervised = np.array(per_seq_indices_unsupervised, dtype=int)\n",
        "\n",
        "print(\"mean per-sequence accuracy (unsupervised):\", per_seq_accs_unsupervised.mean())\n",
        "print(\"median per-sequence accuracy (unsupervised):\", np.median(per_seq_accs_unsupervised))\n"
      ]
    },
    {
      "cell_type": "markdown",
      "metadata": {},
      "source": [
        "## unsupervised model"
      ]
    },
    {
      "cell_type": "markdown",
      "metadata": {},
      "source": [
        "## visualize per-sequence accuracy distribution\n"
      ]
    },
    {
      "cell_type": "code",
      "execution_count": 8,
      "metadata": {},
      "outputs": [
        {
          "data": {
